{
 "cells": [
  {
   "cell_type": "markdown",
   "id": "d29f9c83",
   "metadata": {},
   "source": [
    "### EDA1"
   ]
  },
  {
   "cell_type": "code",
   "execution_count": 1,
   "id": "34f8d443",
   "metadata": {},
   "outputs": [],
   "source": [
    "import pandas as pd\n",
    "import numpy as np"
   ]
  },
  {
   "cell_type": "code",
   "execution_count": 3,
   "id": "b43dcbee",
   "metadata": {},
   "outputs": [],
   "source": [
    "# globals\n",
    "FILE_TRAIN = \"train.csv\""
   ]
  },
  {
   "cell_type": "code",
   "execution_count": 8,
   "id": "7c312636",
   "metadata": {},
   "outputs": [],
   "source": [
    "train_orig = pd.read_csv(FILE_TRAIN)\n",
    "\n",
    "all_columns = train_orig.columns"
   ]
  },
  {
   "cell_type": "code",
   "execution_count": 10,
   "id": "2d568043",
   "metadata": {},
   "outputs": [
    {
     "name": "stdout",
     "output_type": "stream",
     "text": [
      "<class 'pandas.core.frame.DataFrame'>\n",
      "RangeIndex: 10886 entries, 0 to 10885\n",
      "Data columns (total 12 columns):\n",
      " #   Column      Non-Null Count  Dtype  \n",
      "---  ------      --------------  -----  \n",
      " 0   datetime    10886 non-null  object \n",
      " 1   season      10886 non-null  int64  \n",
      " 2   holiday     10886 non-null  int64  \n",
      " 3   workingday  10886 non-null  int64  \n",
      " 4   weather     10886 non-null  int64  \n",
      " 5   temp        10886 non-null  float64\n",
      " 6   atemp       10886 non-null  float64\n",
      " 7   humidity    10886 non-null  int64  \n",
      " 8   windspeed   10886 non-null  float64\n",
      " 9   casual      10886 non-null  int64  \n",
      " 10  registered  10886 non-null  int64  \n",
      " 11  count       10886 non-null  int64  \n",
      "dtypes: float64(3), int64(8), object(1)\n",
      "memory usage: 1020.7+ KB\n"
     ]
    }
   ],
   "source": [
    "train_orig.info()"
   ]
  },
  {
   "cell_type": "code",
   "execution_count": 9,
   "id": "d9b66ac9",
   "metadata": {},
   "outputs": [
    {
     "name": "stdout",
     "output_type": "stream",
     "text": [
      "# distinct values for: datetime is 10886\n",
      "# distinct values for: season is 4\n",
      "# distinct values for: holiday is 2\n",
      "# distinct values for: workingday is 2\n",
      "# distinct values for: weather is 4\n",
      "# distinct values for: temp is 49\n",
      "# distinct values for: atemp is 60\n",
      "# distinct values for: humidity is 89\n",
      "# distinct values for: windspeed is 28\n",
      "# distinct values for: casual is 309\n",
      "# distinct values for: registered is 731\n",
      "# distinct values for: count is 822\n"
     ]
    }
   ],
   "source": [
    "for col in all_columns:\n",
    "    print('# distinct values for:', col, 'is', train_orig[col].nunique())"
   ]
  },
  {
   "cell_type": "code",
   "execution_count": 19,
   "id": "6ad66b4e",
   "metadata": {},
   "outputs": [
    {
     "name": "stdout",
     "output_type": "stream",
     "text": [
      "Tutte le colonne: 12\n",
      "Colonne ignorate: 3\n",
      "target: 1\n",
      "Colonne cat: 4\n",
      "Colonne num: 4\n"
     ]
    }
   ],
   "source": [
    "# colonne da ignorare\n",
    "del_columns = ['datetime', 'casual', 'registered']\n",
    "\n",
    "TARGET = \"count\"\n",
    "\n",
    "cat_cols = ['season', 'holiday','workingday', 'weather']\n",
    "\n",
    "num_cols = set(all_columns) - set([TARGET]) - set(del_columns) - set(cat_cols)\n",
    "\n",
    "print('Tutte le colonne:', len(all_columns))\n",
    "print('Colonne ignorate:', len(del_columns))\n",
    "print('target:', len([TARGET]))\n",
    "print('Colonne cat:', len(cat_cols))\n",
    "print('Colonne num:', len(num_cols))"
   ]
  },
  {
   "cell_type": "code",
   "execution_count": 20,
   "id": "b94cf30f",
   "metadata": {},
   "outputs": [
    {
     "data": {
      "text/html": [
       "<div>\n",
       "<style scoped>\n",
       "    .dataframe tbody tr th:only-of-type {\n",
       "        vertical-align: middle;\n",
       "    }\n",
       "\n",
       "    .dataframe tbody tr th {\n",
       "        vertical-align: top;\n",
       "    }\n",
       "\n",
       "    .dataframe thead th {\n",
       "        text-align: right;\n",
       "    }\n",
       "</style>\n",
       "<table border=\"1\" class=\"dataframe\">\n",
       "  <thead>\n",
       "    <tr style=\"text-align: right;\">\n",
       "      <th></th>\n",
       "      <th>season</th>\n",
       "      <th>holiday</th>\n",
       "      <th>workingday</th>\n",
       "      <th>weather</th>\n",
       "      <th>temp</th>\n",
       "      <th>atemp</th>\n",
       "      <th>humidity</th>\n",
       "      <th>windspeed</th>\n",
       "      <th>casual</th>\n",
       "      <th>registered</th>\n",
       "      <th>count</th>\n",
       "    </tr>\n",
       "  </thead>\n",
       "  <tbody>\n",
       "    <tr>\n",
       "      <th>season</th>\n",
       "      <td>1.000000</td>\n",
       "      <td>0.029368</td>\n",
       "      <td>-0.008126</td>\n",
       "      <td>0.008879</td>\n",
       "      <td>0.258689</td>\n",
       "      <td>0.264744</td>\n",
       "      <td>0.190610</td>\n",
       "      <td>-0.147121</td>\n",
       "      <td>0.096758</td>\n",
       "      <td>0.164011</td>\n",
       "      <td>0.163439</td>\n",
       "    </tr>\n",
       "    <tr>\n",
       "      <th>holiday</th>\n",
       "      <td>0.029368</td>\n",
       "      <td>1.000000</td>\n",
       "      <td>-0.250491</td>\n",
       "      <td>-0.007074</td>\n",
       "      <td>0.000295</td>\n",
       "      <td>-0.005215</td>\n",
       "      <td>0.001929</td>\n",
       "      <td>0.008409</td>\n",
       "      <td>0.043799</td>\n",
       "      <td>-0.020956</td>\n",
       "      <td>-0.005393</td>\n",
       "    </tr>\n",
       "    <tr>\n",
       "      <th>workingday</th>\n",
       "      <td>-0.008126</td>\n",
       "      <td>-0.250491</td>\n",
       "      <td>1.000000</td>\n",
       "      <td>0.033772</td>\n",
       "      <td>0.029966</td>\n",
       "      <td>0.024660</td>\n",
       "      <td>-0.010880</td>\n",
       "      <td>0.013373</td>\n",
       "      <td>-0.319111</td>\n",
       "      <td>0.119460</td>\n",
       "      <td>0.011594</td>\n",
       "    </tr>\n",
       "    <tr>\n",
       "      <th>weather</th>\n",
       "      <td>0.008879</td>\n",
       "      <td>-0.007074</td>\n",
       "      <td>0.033772</td>\n",
       "      <td>1.000000</td>\n",
       "      <td>-0.055035</td>\n",
       "      <td>-0.055376</td>\n",
       "      <td>0.406244</td>\n",
       "      <td>0.007261</td>\n",
       "      <td>-0.135918</td>\n",
       "      <td>-0.109340</td>\n",
       "      <td>-0.128655</td>\n",
       "    </tr>\n",
       "    <tr>\n",
       "      <th>temp</th>\n",
       "      <td>0.258689</td>\n",
       "      <td>0.000295</td>\n",
       "      <td>0.029966</td>\n",
       "      <td>-0.055035</td>\n",
       "      <td>1.000000</td>\n",
       "      <td>0.984948</td>\n",
       "      <td>-0.064949</td>\n",
       "      <td>-0.017852</td>\n",
       "      <td>0.467097</td>\n",
       "      <td>0.318571</td>\n",
       "      <td>0.394454</td>\n",
       "    </tr>\n",
       "    <tr>\n",
       "      <th>atemp</th>\n",
       "      <td>0.264744</td>\n",
       "      <td>-0.005215</td>\n",
       "      <td>0.024660</td>\n",
       "      <td>-0.055376</td>\n",
       "      <td>0.984948</td>\n",
       "      <td>1.000000</td>\n",
       "      <td>-0.043536</td>\n",
       "      <td>-0.057473</td>\n",
       "      <td>0.462067</td>\n",
       "      <td>0.314635</td>\n",
       "      <td>0.389784</td>\n",
       "    </tr>\n",
       "    <tr>\n",
       "      <th>humidity</th>\n",
       "      <td>0.190610</td>\n",
       "      <td>0.001929</td>\n",
       "      <td>-0.010880</td>\n",
       "      <td>0.406244</td>\n",
       "      <td>-0.064949</td>\n",
       "      <td>-0.043536</td>\n",
       "      <td>1.000000</td>\n",
       "      <td>-0.318607</td>\n",
       "      <td>-0.348187</td>\n",
       "      <td>-0.265458</td>\n",
       "      <td>-0.317371</td>\n",
       "    </tr>\n",
       "    <tr>\n",
       "      <th>windspeed</th>\n",
       "      <td>-0.147121</td>\n",
       "      <td>0.008409</td>\n",
       "      <td>0.013373</td>\n",
       "      <td>0.007261</td>\n",
       "      <td>-0.017852</td>\n",
       "      <td>-0.057473</td>\n",
       "      <td>-0.318607</td>\n",
       "      <td>1.000000</td>\n",
       "      <td>0.092276</td>\n",
       "      <td>0.091052</td>\n",
       "      <td>0.101369</td>\n",
       "    </tr>\n",
       "    <tr>\n",
       "      <th>casual</th>\n",
       "      <td>0.096758</td>\n",
       "      <td>0.043799</td>\n",
       "      <td>-0.319111</td>\n",
       "      <td>-0.135918</td>\n",
       "      <td>0.467097</td>\n",
       "      <td>0.462067</td>\n",
       "      <td>-0.348187</td>\n",
       "      <td>0.092276</td>\n",
       "      <td>1.000000</td>\n",
       "      <td>0.497250</td>\n",
       "      <td>0.690414</td>\n",
       "    </tr>\n",
       "    <tr>\n",
       "      <th>registered</th>\n",
       "      <td>0.164011</td>\n",
       "      <td>-0.020956</td>\n",
       "      <td>0.119460</td>\n",
       "      <td>-0.109340</td>\n",
       "      <td>0.318571</td>\n",
       "      <td>0.314635</td>\n",
       "      <td>-0.265458</td>\n",
       "      <td>0.091052</td>\n",
       "      <td>0.497250</td>\n",
       "      <td>1.000000</td>\n",
       "      <td>0.970948</td>\n",
       "    </tr>\n",
       "    <tr>\n",
       "      <th>count</th>\n",
       "      <td>0.163439</td>\n",
       "      <td>-0.005393</td>\n",
       "      <td>0.011594</td>\n",
       "      <td>-0.128655</td>\n",
       "      <td>0.394454</td>\n",
       "      <td>0.389784</td>\n",
       "      <td>-0.317371</td>\n",
       "      <td>0.101369</td>\n",
       "      <td>0.690414</td>\n",
       "      <td>0.970948</td>\n",
       "      <td>1.000000</td>\n",
       "    </tr>\n",
       "  </tbody>\n",
       "</table>\n",
       "</div>"
      ],
      "text/plain": [
       "              season   holiday  workingday   weather      temp     atemp  \\\n",
       "season      1.000000  0.029368   -0.008126  0.008879  0.258689  0.264744   \n",
       "holiday     0.029368  1.000000   -0.250491 -0.007074  0.000295 -0.005215   \n",
       "workingday -0.008126 -0.250491    1.000000  0.033772  0.029966  0.024660   \n",
       "weather     0.008879 -0.007074    0.033772  1.000000 -0.055035 -0.055376   \n",
       "temp        0.258689  0.000295    0.029966 -0.055035  1.000000  0.984948   \n",
       "atemp       0.264744 -0.005215    0.024660 -0.055376  0.984948  1.000000   \n",
       "humidity    0.190610  0.001929   -0.010880  0.406244 -0.064949 -0.043536   \n",
       "windspeed  -0.147121  0.008409    0.013373  0.007261 -0.017852 -0.057473   \n",
       "casual      0.096758  0.043799   -0.319111 -0.135918  0.467097  0.462067   \n",
       "registered  0.164011 -0.020956    0.119460 -0.109340  0.318571  0.314635   \n",
       "count       0.163439 -0.005393    0.011594 -0.128655  0.394454  0.389784   \n",
       "\n",
       "            humidity  windspeed    casual  registered     count  \n",
       "season      0.190610  -0.147121  0.096758    0.164011  0.163439  \n",
       "holiday     0.001929   0.008409  0.043799   -0.020956 -0.005393  \n",
       "workingday -0.010880   0.013373 -0.319111    0.119460  0.011594  \n",
       "weather     0.406244   0.007261 -0.135918   -0.109340 -0.128655  \n",
       "temp       -0.064949  -0.017852  0.467097    0.318571  0.394454  \n",
       "atemp      -0.043536  -0.057473  0.462067    0.314635  0.389784  \n",
       "humidity    1.000000  -0.318607 -0.348187   -0.265458 -0.317371  \n",
       "windspeed  -0.318607   1.000000  0.092276    0.091052  0.101369  \n",
       "casual     -0.348187   0.092276  1.000000    0.497250  0.690414  \n",
       "registered -0.265458   0.091052  0.497250    1.000000  0.970948  \n",
       "count      -0.317371   0.101369  0.690414    0.970948  1.000000  "
      ]
     },
     "execution_count": 20,
     "metadata": {},
     "output_type": "execute_result"
    }
   ],
   "source": [
    "train_orig.corr()"
   ]
  },
  {
   "cell_type": "code",
   "execution_count": 21,
   "id": "557dd696",
   "metadata": {},
   "outputs": [
    {
     "data": {
      "text/html": [
       "<div>\n",
       "<style scoped>\n",
       "    .dataframe tbody tr th:only-of-type {\n",
       "        vertical-align: middle;\n",
       "    }\n",
       "\n",
       "    .dataframe tbody tr th {\n",
       "        vertical-align: top;\n",
       "    }\n",
       "\n",
       "    .dataframe thead th {\n",
       "        text-align: right;\n",
       "    }\n",
       "</style>\n",
       "<table border=\"1\" class=\"dataframe\">\n",
       "  <thead>\n",
       "    <tr style=\"text-align: right;\">\n",
       "      <th></th>\n",
       "      <th>season</th>\n",
       "      <th>holiday</th>\n",
       "      <th>workingday</th>\n",
       "      <th>weather</th>\n",
       "      <th>temp</th>\n",
       "      <th>atemp</th>\n",
       "      <th>humidity</th>\n",
       "      <th>windspeed</th>\n",
       "      <th>casual</th>\n",
       "      <th>registered</th>\n",
       "      <th>count</th>\n",
       "    </tr>\n",
       "  </thead>\n",
       "  <tbody>\n",
       "    <tr>\n",
       "      <th>count</th>\n",
       "      <td>10886.000000</td>\n",
       "      <td>10886.000000</td>\n",
       "      <td>10886.000000</td>\n",
       "      <td>10886.000000</td>\n",
       "      <td>10886.00000</td>\n",
       "      <td>10886.000000</td>\n",
       "      <td>10886.000000</td>\n",
       "      <td>10886.000000</td>\n",
       "      <td>10886.000000</td>\n",
       "      <td>10886.000000</td>\n",
       "      <td>10886.000000</td>\n",
       "    </tr>\n",
       "    <tr>\n",
       "      <th>mean</th>\n",
       "      <td>2.506614</td>\n",
       "      <td>0.028569</td>\n",
       "      <td>0.680875</td>\n",
       "      <td>1.418427</td>\n",
       "      <td>20.23086</td>\n",
       "      <td>23.655084</td>\n",
       "      <td>61.886460</td>\n",
       "      <td>12.799395</td>\n",
       "      <td>36.021955</td>\n",
       "      <td>155.552177</td>\n",
       "      <td>191.574132</td>\n",
       "    </tr>\n",
       "    <tr>\n",
       "      <th>std</th>\n",
       "      <td>1.116174</td>\n",
       "      <td>0.166599</td>\n",
       "      <td>0.466159</td>\n",
       "      <td>0.633839</td>\n",
       "      <td>7.79159</td>\n",
       "      <td>8.474601</td>\n",
       "      <td>19.245033</td>\n",
       "      <td>8.164537</td>\n",
       "      <td>49.960477</td>\n",
       "      <td>151.039033</td>\n",
       "      <td>181.144454</td>\n",
       "    </tr>\n",
       "    <tr>\n",
       "      <th>min</th>\n",
       "      <td>1.000000</td>\n",
       "      <td>0.000000</td>\n",
       "      <td>0.000000</td>\n",
       "      <td>1.000000</td>\n",
       "      <td>0.82000</td>\n",
       "      <td>0.760000</td>\n",
       "      <td>0.000000</td>\n",
       "      <td>0.000000</td>\n",
       "      <td>0.000000</td>\n",
       "      <td>0.000000</td>\n",
       "      <td>1.000000</td>\n",
       "    </tr>\n",
       "    <tr>\n",
       "      <th>25%</th>\n",
       "      <td>2.000000</td>\n",
       "      <td>0.000000</td>\n",
       "      <td>0.000000</td>\n",
       "      <td>1.000000</td>\n",
       "      <td>13.94000</td>\n",
       "      <td>16.665000</td>\n",
       "      <td>47.000000</td>\n",
       "      <td>7.001500</td>\n",
       "      <td>4.000000</td>\n",
       "      <td>36.000000</td>\n",
       "      <td>42.000000</td>\n",
       "    </tr>\n",
       "    <tr>\n",
       "      <th>50%</th>\n",
       "      <td>3.000000</td>\n",
       "      <td>0.000000</td>\n",
       "      <td>1.000000</td>\n",
       "      <td>1.000000</td>\n",
       "      <td>20.50000</td>\n",
       "      <td>24.240000</td>\n",
       "      <td>62.000000</td>\n",
       "      <td>12.998000</td>\n",
       "      <td>17.000000</td>\n",
       "      <td>118.000000</td>\n",
       "      <td>145.000000</td>\n",
       "    </tr>\n",
       "    <tr>\n",
       "      <th>75%</th>\n",
       "      <td>4.000000</td>\n",
       "      <td>0.000000</td>\n",
       "      <td>1.000000</td>\n",
       "      <td>2.000000</td>\n",
       "      <td>26.24000</td>\n",
       "      <td>31.060000</td>\n",
       "      <td>77.000000</td>\n",
       "      <td>16.997900</td>\n",
       "      <td>49.000000</td>\n",
       "      <td>222.000000</td>\n",
       "      <td>284.000000</td>\n",
       "    </tr>\n",
       "    <tr>\n",
       "      <th>max</th>\n",
       "      <td>4.000000</td>\n",
       "      <td>1.000000</td>\n",
       "      <td>1.000000</td>\n",
       "      <td>4.000000</td>\n",
       "      <td>41.00000</td>\n",
       "      <td>45.455000</td>\n",
       "      <td>100.000000</td>\n",
       "      <td>56.996900</td>\n",
       "      <td>367.000000</td>\n",
       "      <td>886.000000</td>\n",
       "      <td>977.000000</td>\n",
       "    </tr>\n",
       "  </tbody>\n",
       "</table>\n",
       "</div>"
      ],
      "text/plain": [
       "             season       holiday    workingday       weather         temp  \\\n",
       "count  10886.000000  10886.000000  10886.000000  10886.000000  10886.00000   \n",
       "mean       2.506614      0.028569      0.680875      1.418427     20.23086   \n",
       "std        1.116174      0.166599      0.466159      0.633839      7.79159   \n",
       "min        1.000000      0.000000      0.000000      1.000000      0.82000   \n",
       "25%        2.000000      0.000000      0.000000      1.000000     13.94000   \n",
       "50%        3.000000      0.000000      1.000000      1.000000     20.50000   \n",
       "75%        4.000000      0.000000      1.000000      2.000000     26.24000   \n",
       "max        4.000000      1.000000      1.000000      4.000000     41.00000   \n",
       "\n",
       "              atemp      humidity     windspeed        casual    registered  \\\n",
       "count  10886.000000  10886.000000  10886.000000  10886.000000  10886.000000   \n",
       "mean      23.655084     61.886460     12.799395     36.021955    155.552177   \n",
       "std        8.474601     19.245033      8.164537     49.960477    151.039033   \n",
       "min        0.760000      0.000000      0.000000      0.000000      0.000000   \n",
       "25%       16.665000     47.000000      7.001500      4.000000     36.000000   \n",
       "50%       24.240000     62.000000     12.998000     17.000000    118.000000   \n",
       "75%       31.060000     77.000000     16.997900     49.000000    222.000000   \n",
       "max       45.455000    100.000000     56.996900    367.000000    886.000000   \n",
       "\n",
       "              count  \n",
       "count  10886.000000  \n",
       "mean     191.574132  \n",
       "std      181.144454  \n",
       "min        1.000000  \n",
       "25%       42.000000  \n",
       "50%      145.000000  \n",
       "75%      284.000000  \n",
       "max      977.000000  "
      ]
     },
     "execution_count": 21,
     "metadata": {},
     "output_type": "execute_result"
    }
   ],
   "source": [
    "train_orig.describe()"
   ]
  },
  {
   "cell_type": "code",
   "execution_count": null,
   "id": "c1b630ff",
   "metadata": {},
   "outputs": [],
   "source": []
  }
 ],
 "metadata": {
  "kernelspec": {
   "display_name": "Python [conda env:tensorflow26_p37_gpu_v3]",
   "language": "python",
   "name": "conda-env-tensorflow26_p37_gpu_v3-py"
  },
  "language_info": {
   "codemirror_mode": {
    "name": "ipython",
    "version": 3
   },
   "file_extension": ".py",
   "mimetype": "text/x-python",
   "name": "python",
   "nbconvert_exporter": "python",
   "pygments_lexer": "ipython3",
   "version": "3.7.12"
  }
 },
 "nbformat": 4,
 "nbformat_minor": 5
}
